[561.0, 401.0, 502.0, 532.0]
BIN:  0
Paras:  [-1.7540864267986067, 206.82480332835937, 61.637979452495884, -0.33993419334571134, 1.0708834253570039]
UPDATED ERRORS:  [4.349459025303311, 12.658608153726126, 22.886360912932187, 0.50966548021389535, 0.45349333763016886] 

BIN:  1
Paras:  [1.5768338392086396, 291.29428602129383, 65.83686176629352, -0.3598330320993934, 0.6401808669528611]
UPDATED ERRORS:  [4.0372049222385558, 10.975671941048976, 27.813885979674374, 0.34848946050709168, 0.33097962014488419] 

BIN:  2
Paras:  [3.7527276748601497, 262.1975571611336, 73.82953793587158, -0.25675940664271, 0.7350098315343112]
UPDATED ERRORS:  [3.8900525462970603, 10.833088519600635, 25.228863896601254, 0.31618899656986371, 0.31585230844893902] 

BIN:  3
Paras:  [-0.3291131717687478, 20.366164156454442, 54.814572951559875, 0.29574028375819067, 1.2979049734223762]
UPDATED ERRORS:  [3.1315420766722775, 8.8801216488343275, 14.503100941079651, 0.45280993270671172, 0.40074230547553102] 


